from matrizes import Matrizes

m = Matrizes()

matriz = [
    [2, 4, 3, 5],
    [-4, -7, -5, -8],
    [6, 8, 2, 9],
    [4, 9, -2, 14]
]

print(m.inversa(matriz))

[
    [4.3749999999999964, 3.2916666666666665, 1.2083333333333333, -0.4583333333333333], 
    [-9.0, -6.333333333333333, -1.6666666666666665, 0.6666666666666666], 
    [1.5, 0.8333333333333333, 0.16666666666666666, -0.16666666666666666], 
    [4.75, 3.25, 0.75, -0.25]
]