Funcao(oes): [[1000, -3999.999500000125]]
Pixel: [3, 1]
Coeficiente: 1

Funcao(oes): [[1000, -3999.999500000125]]
Pixel: [5, 1]
Coeficiente: None

Funcao(oes): [[1000, -3999.999500000125]]
Pixel: [5, 3]
Coeficiente: 0.9985000000000002

Funcao(oes): [[1000, -3999.999500000125]]
Pixel: [5, 5]
Coeficiente: 0.9975

